name: prueba
channels:
  - conda-forge
  - defaults
dependencies:
  - bzip2=1.0.8=h8ffe710_4
  - ca-certificates=2023.7.22=h56e8100_0
  - intel-openmp=2023.2.0=h57928b3_49496
  - libblas=3.9.0=18_win64_mkl
  - libcblas=3.9.0=18_win64_mkl
  - libexpat=2.5.0=h63175ca_1
  - libffi=3.4.2=h8ffe710_5
  - libhwloc=2.9.2=default_haede6df_1009
  - libiconv=1.17=h8ffe710_0
  - liblapack=3.9.0=18_win64_mkl
  - libsqlite=3.43.0=hcfcfb64_0
  - libxml2=2.11.5=hc3477c8_1
  - libzlib=1.2.13=hcfcfb64_5
  - mkl=2022.1.0=h6a75c08_874
  - numpy=1.26.0=py311h0b4df5a_0
  - openssl=3.1.2=hcfcfb64_0
  - pandas=2.1.0=py311hf63dbb6_0
  - pip=23.2.1=pyhd8ed1ab_0
  - pthreads-win32=2.9.1=hfa6e2cd_3
  - python=3.11.5=h2628c8c_0_cpython
  - python-dateutil=2.8.2=pyhd8ed1ab_0
  - python-tzdata=2023.3=pyhd8ed1ab_0
  - python_abi=3.11=3_cp311
  - pytz=2023.3.post1=pyhd8ed1ab_0
  - setuptools=68.2.2=pyhd8ed1ab_0
  - six=1.16.0=pyh6c4a22f_0
  - tbb=2021.10.0=h91493d7_0
  - tk=8.6.12=h8ffe710_0
  - tzdata=2023c=h71feb2d_0
  - ucrt=10.0.22621.0=h57928b3_0
  - vc=14.3=h64f974e_17
  - vc14_runtime=14.36.32532=hdcecf7f_17
  - vs2015_runtime=14.36.32532=h05e6639_17
  - wheel=0.41.2=pyhd8ed1ab_0
  - xz=5.2.6=h8d14728_0
prefix: C:\Users\Michelle Cevallos\miniconda3\envs\prueba
